# BeStSel deconvolution raw data from upstream notebook 07_protein_analysis_bestsel.ipynb (Cell 17)
# Columns: Factor Helix1 Helix2 Anti1 Anti2 Anti3 Para Turn Others NRMSD
[1n5u]
1.000 20.39 10.73 1.70 6.72 6.52 4.25 12.12 37.56 0.0127
2.000 19.07 10.58 0.88 3.88 10.88 2.69 14.23 37.79 0.0170
3.000 17.94 10.38 0.74 4.65 10.53 4.56 13.82 37.37 0.0157
4.000 19.00 11.65 0.00 6.79 7.64 4.44 12.91 37.57 0.0073
5.000 17.71 10.52 1.15 5.66 7.97 5.50 13.16 38.33 0.0135
6.000 19.43 11.34 0.00 6.32 9.06 4.22 12.76 36.87 0.0049

[4beu]
1.000 10.26 5.83 6.48 12.25 9.75 4.28 12.72 38.42 0.0143
2.000 7.99 8.55 1.88 8.40 10.23 0.00 16.89 46.06 0.0150
